5.16432 4.56386 8.35566 10.3077
4.70796 3.81084 7.06423 10.2872
5.6827 4.49587 8.50406 10.9779
4.39025 3.8094 8.4588 11.0118
4.36156 4.5016 8.18339 11.0235
4.96701 4.60418 8.56332 10.9922
4.91356 4.97838 7.38845 10.7652
4.93395 3.90489 7.55675 10.9648
5.57658 3.80493 8.38141 11.0184
4.91564 5.2044 8.44056 10.3293
5.62964 3.89648 8.47819 10.389
5.61141 3.80527 7.51795 11.5502
4.36417 4.60226 8.55268 10.3267
4.91343 3.87175 8.45714 10.3975
5.68161 5.19483 7.5752 11.5832
5.71248 4.49645 7.43559 11.5835
5.63103 5.15782 6.4848 10.3623
5.69427 4.98837 8.53916 11.6336
4.41553 4.43913 7.4064 10.3388
4.38233 5.05099 8.61431 11.5558
5.59649 3.81788 7.4668 10.3935
5.01416 3.79673 8.42763 11.5813
5.06316 4.50787 8.28453 11.6575
5.68568 5.11368 6.86004 11.0373
5.59136 5.1794 7.66458 10.3389
5.05871 5.22441 8.5089 11.6158
5.63134 5.1798 8.48629 10.7635
4.35432 5.1637 7.57942 10.3217
4.32525 5.19846 8.44665 10.7962
5.7023 4.50139 6.50998 10.4944
4.2706 3.83934 8.13513 10.3455
5.71051 4.50407 7.74986 10.3182
5.05778 4.43103 6.77055 10.3039
4.40952 4.0719 8.63621 11.6224
5.01178 5.18913 7.80776 11.2036
4.93521 5.16117 6.74926 10.2709
5.51156 3.81829 6.45879 10.3437
5.68986 3.99966 8.51114 11.6935
5.43912 4.48448 7.38886 10.9801
5.71639 3.91629 6.75363 11.0212
