5.03763 4.48973 8.47567 10.422
4.31571 5.18685 6.62832 11.2125
4.38354 4.49111 8.45714 10.9766
4.98649 4.40508 6.60975 10.5023
5.61249 5.10494 6.59015 11.6671
5.52466 4.4703 7.51273 11.6493
4.92359 5.15803 7.3849 11.6807
4.37659 3.87566 8.44304 10.3588
5.60577 4.46418 8.49147 11.1157
5.65882 4.51302 7.50258 10.3768
4.36221 4.33848 6.48612 11.0103
4.32055 3.92659 8.4236 11.5839
4.99337 3.94546 8.19172 11.6954
4.36592 4.45007 7.55145 10.3515
5.66177 5.09399 8.36816 11.6383
5.60648 3.8917 6.52643 10.4362
4.49621 4.46604 7.50336 11.5565
5.69679 5.06682 6.59113 10.4468
4.45992 4.87473 6.51305 11.7528
4.41392 5.12977 8.48402 10.4174
4.99845 3.95883 6.55927 11.4747
5.60992 5.11847 8.50588 10.4462
4.30346 5.02599 6.66369 10.3638
5.64929 3.90419 8.40917 10.4027
4.29499 5.07935 8.35654 11.6329
5.48401 3.89718 7.4034 10.9825
4.98015 3.84063 8.50911 10.9466
5.68677 3.85537 8.36419 11.5735
4.46868 5.11568 7.66633 10.9182
5.06606 5.05962 6.51387 11.1592
5.65502 3.82781 6.70217 11.6325
5.061 5.1195 7.69714 10.331
4.43441 3.83658 7.49267 10.9777
4.42309 3.83634 6.57006 10.3895
5.56881 5.11095 7.55277 11.0073
4.33 3.8565 6.70265 11.6519
4.9689 5.01392 8.52378 11.422
5.65733 4.45984 6.488 11.1905
5.0583 3.85415 7.48787 10.3184
4.98027 5.17019 6.54271 10.3691
